2026937	8578678
2027077	8578157
2027077	8578156
2026848	8577882
2026848	8577882
2026778	8578432
2026755	8578388
2026068	8577830
2025850	8577557
2025613	8577787
2025563	8577773
2025395	8577530
2025372	8578040
2025143	8578380
2025188	8578133
2025188	8578133
2024735	8577600
2024998	8577508
2025180	8577260
2024957	8577212
2024957	8577212
2024987	8576543
2024988	8576547
2024593	8577817
2025485	8578588
2025590	8578686
2025857	8578600
2025935	8578683
2025935	8578684
2025967	8578602
2025967	8578862
2026542	8579127
2026778	8578432
2026240	8577835
2026240	8577835
2023590	8587697
2023588	8587697
2023588	8587695
2024408	8589828
2024340	8589895
2024340	8589895
2024223	8589930
2024223	8589930
2024338	8589850
2024338	8589850
2022555	8591175
2022555	8591175
2022555	8591175
2022555	8591175
2022555	8591175
2022555	8591175
2022555	8591175
2022555	8591175
2022555	8591175
2022555	8591175
2022555	8591175
2022555	8591175
2022555	8591175
2022555	8591175
2025105	8577265
2025312	8577230
2025782	8578668
2026010	8578667
2025597	8578352
2025703	8577682
2025807	8577425
2026122	8577708
2026093	8577682
2026785	8577897
2026785	8577897
2027075	8578133
2026538	8579133
2026548	8579113
2026548	8579113
2026540	8579113
2025682	8582380
2025620	8582393
2025620	8582393
2025633	8582363
2025637	8582357
2025637	8582357
2025717	8582807
2025642	8582662
2025618	8582732
2025490	8582625
2025137	8582737
2025330	8582820
2025285	8583175
2025285	8583175
2025692	8583484
2025785	8583487
2025785	8583487
2025785	8583487
2025878	8583562
2025895	8583732
2025895	8583732
2026017	8583668
2026108	8583805
2026242	8583882
2026588	8583973
2026743	8583933
2026908	8583538
2026648	8583435
2026305	8583627
2025712	8583282
2025897	8583340
2025897	8583340
2026402	8583312
2026402	8583312
2026465	8583220
2026167	8582628
2026537	8579133
2026537	8579133
2026257	8582890
2025990	8584017
2026092	8584101
2026130	8584180
2025852	8584718
2025892	8584668
2025927	8584588
2025927	8584588
2026043	8584668
2026078	8584807
2026300	8585225
2026300	8585225
2026300	8585225
2026300	8585225
2026300	8585225
2026300	8585225
2026335	8585293
2026335	8585293
2026318	8585325
2026320	8585323
2026345	8585087
2026278	8584833
2026363	8584855
2026415	8584845
2026415	8584845
2026535	8584870
2027348	8585240
2027200	8585068
2027173	8584880
2027060	8585090
2027018	8585013
2026442	8584860
2026335	8584748
2026332	8584747
2026332	8584747
2026325	8584790
2026505	8584510
2026582	8584627
2026648	8584647
2026642	8584497
2026743	8584620
2026782	8584597
2026782	8584597
2026942	8585153
2027017	8585220
2027017	8585220
2027017	8585220
2026942	8585698
2026895	8585772
2026808	8585688
2027072	8585948
2027072	8585948
2027207	8585767
2027137	8585860
2026630	8585988
2026670	8586015
2026108	8585163
2021232	8584632
2021232	8584632
2026542	8579133
2026252	8584790
2027018	8585013
2027018	8585013
2026152	8585192
2027700	8585483
2027897	8585770
2028125	8585843
2028137	8585762
2028058	8585643
2027913	8585588
2027913	8585588
2027925	8585453
2027690	8585277
2027538	8585418
2027387	8585875
2027300	8585853
2027715	8585803
2027733	8586147
2027742	8586302
2028278	8586153
2027545	8586270
2027550	8586220
2027550	8586220
2027880	8586627
2028072	8586662
2028235	8586742
2026990	8586420
2027493	8585178
2024253	8578885
2024253	8578885
2024253	8578885
2025970	8578638
2026027	8578712
2026027	8578712
2025998	8578725
2025998	8578725
2026545	8579105
2032068	8587812
2033545	8586872
2033215	8587493
2033075	8587987
2033065	8588040
2033255	8587865
2033452	8587860
2031385	8588150
2031385	8588150
2030593	8588665
2030892	8588575
2031293	8588332
2031293	8588332
2031293	8588332
2031290	8588338
2031830	8588612
2031540	8589067
2031570	8589072
2031912	8588977
2032008	8588967
2032008	8588967
2031577	8588742
2030923	8588728
2031082	8589140
2031138	8589168
2031167	8589198
2031142	8589213
2031077	8589193
2031102	8589378
2031120	8589648
2031757	8589813
2031843	8590048
2031748	8590138
2030988	8589300
2030895	8589155
2030273	8589023
2031385	8588150
2031793	8588457
2028287	8580965
2028533	8582145
2026555	8579133
2026555	8579133
2026558	8579128
2026548	8579125
2026548	8579125
2026550	8579125
2026552	8579127
2026233	8579062
2024660	8578245
2024660	8578245
2024660	8578245
2023132	8578032
2023132	8578032
2023132	8578032
2023120	8577973
2023202	8578400
2022873	8578352
2022702	8577773
2022627	8577755
2022627	8577755
2022627	8577755
2022785	8577622
2022785	8577621
2022910	8577482
2022910	8577482
2022910	8577482
2022910	8577482
2022832	8577638
2022832	8577638
2022832	8577638
2022340	8577625
2024005	8577430
2024152	8577438
2024152	8577438
2024067	8577248
2024057	8577363
2024425	8577423
2024398	8576982
2024100	8576773
2024100	8576773
2024100	8576773
2024175	8576542
2024175	8576542
2024102	8576107
2024062	8576122
2023690	8576037
2023245	8575883
2023245	8575883
2023262	8575573
2023615	8575910
2023692	8575316
2024240	8576093
2024940	8577200
2024920	8577125
2024967	8577233
2024883	8577220
2024477	8577488
2025377	8578575
2025377	8578575
2025377	8578575
2025377	8578575
2025377	8578575
2025377	8578575
2025377	8578575
2025377	8578575
2025377	8578575
2025377	8578575
2029097	8581977
2029260	8582075
2029303	8582197
2028683	8581703
2026555	8579133
2026555	8579133
2026555	8579133
2022873	8578352
2022627	8577755
2024057	8577372
2023207	8575630
2025377	8578575
2028482	8582558
2028540	8582062
2029057	8581927
2032032	8587842
2032032	8587842
2031998	8587845
2032027	8587937
2033497	8588533
2033497	8588533
2033497	8588533
2033415	8588517
2033415	8588517
2033415	8588516
2033415	8588516
2033200	8588692
2033200	8588692
2033200	8588692
2033200	8588692
2034613	8588473
2035387	8588899
2036383	8588702
2036383	8588702
2036358	8589543
2036358	8589543
2035937	8589278
2035937	8589278
2036170	8589168
2036127	8589770
2035840	8590668
2035837	8590790
2035917	8589313
2034622	8590495
2034257	8589233
2034257	8589233
2034257	8589233
2034180	8589305
2032613	8588388
2032028	8588377
2032028	8588377
2032028	8588377
2032028	8588377
2032028	8588377
2031993	8588258
2026553	8579105
2025313	8579732
2025362	8579747
2025417	8579823
2025378	8580028
2025290	8580277
2025290	8580277
2025173	8580185
2025183	8580155
2025217	8580162
2025193	8580083
2025230	8580025
2025240	8579972
2025240	8579972
2025177	8579992
2025113	8580018
2025113	8580018
2025113	8580018
2025175	8580040
2025307	8580092
2024758	8579547
2024905	8579570
2025158	8579723
2025158	8579723
2025018	8579707
2025018	8579708
2025045	8579822
2025023	8579815
2024813	8579762
2024813	8579762
2024813	8579762
2024813	8579762
2024845	8579817
2024845	8579817
2024697	8579840
2024487	8579900
2024458	8580052
2024482	8580068
2027688	8580633
2027685	8580637
2025990	8584110
2025918	8584205
2026118	8584070
2026200	8584238
2026345	8584645
2026033	8584968
2026418	8585107
2026520	8584565
2026722	8584775
2026907	8584777
2026922	8584880
2026922	8584880
2027253	8585147
2027242	8585075
2027227	8585139
2028462	8586396
2028462	8586396
2027740	8586283
2027463	8586592
2027752	8585460
2027515	8585222
2027497	8585328
2027482	8585200
2027317	8585297
2027317	8585297
2027317	8585297
2027317	8585297
2027317	8585297
2027317	8585297
2027317	8585297
2027317	8585297
2027317	8585297
2026542	8579123
2024988	8579712
2032832	8588510
2033468	8588533
2033468	8588533
2033468	8588533
2033468	8588533
2033405	8588523
2033693	8588458
2033693	8588459
2034853	8588600
2035753	8588888
2037648	8588982
2038060	8588912
2039295	8588745
2038763	8588753
2037232	8589523
2037415	8589483
2035933	8589280
2035933	8589280
2035933	8589280
2035933	8589280
2035902	8589713
2036273	8589712
2036443	8590563
2036167	8590198
2035850	8590673
2035705	8589673
2035098	8589640
2035122	8589757
2034985	8590290
2034985	8590290
2033713	8591890
2033713	8591890
2033713	8591890
2033762	8591295
2034617	8590477
2034338	8590227
2034343	8590227
2033923	8589152
2034357	8589047
2034458	8589045
2034420	8589050
2025572	8579777
2025027	8578787
2025015	8578782
2025015	8578781
2025015	8578781
2025042	8578775
2025090	8578725
2025090	8578725
2025178	8578795
2025178	8578795
2025178	8578795
2025178	8578795
2025087	8578888
2025087	8578888
2025100	8578860
2024923	8578865
2024928	8578902
2025075	8578928
2025110	8578933
2025150	8578927
2025150	8578926
2025202	8578917
2025043	8579187
2025043	8579187
2024900	8579388
2024728	8579195
2024728	8579195
2024137	8579558
2024085	8579648
2024425	8578697
2024347	8578795
2024345	8578540
2024257	8578645
2024052	8578997
2023787	8578968
2023403	8579065
2023403	8579065
2023405	8579038
2023705	8578978
2026527	8579135
2026527	8579135
2026548	8579112
2026527	8579135
2026120	8581430
2026120	8581430
2026120	8581430
2026120	8581430
2026120	8581430
2026120	8581430
2026120	8581430
2026120	8581430
2026120	8581430
2026120	8581430
2026120	8581430
2026120	8581430
2026120	8581430
2026120	8581430
2026120	8581430
2026120	8581430
2026120	8581430
2026120	8581430
2026120	8581430
2026120	8581430
2026120	8581430
2026707	8581070
2026540	8579128
2026535	8579133
2026535	8579133
2026535	8579133
2026535	8579133
2026535	8579133
2026535	8579133
2026535	8579133
2026535	8579133
2026535	8579133
2026533	8579130
2026533	8579128
2026533	8579128
2026533	8579128
2026830	8578418
2026830	8578418
2026817	8578433
2026755	8579227
2029838	8585252
2026543	8579127
2028450	8580820
2026122	8581436
2028533	8581082
2028635	8581182
2028557	8581192
2028455	8581225
2028345	8581265
2028297	8581255
2028227	8581155
2028155	8581225
2028173	8581265
2028217	8581272
2028185	8581338
2028185	8581338
2028250	8581323
2028247	8581380
2028247	8581380
2028223	8581402
2028315	8581775
2028315	8581775
2028285	8581702
2028205	8581813
2028245	8582017
2028245	8582017
2028333	8582148
2028092	8581958
2028092	8581958
2027897	8582040
2028052	8581703
2027940	8581877
2027940	8581877
2027925	8581845
2027785	8581825
2027785	8581825
2027785	8581825
2027392	8581935
2027277	8581510
2027438	8581160
2027188	8581308
2027112	8581335
2027380	8581062
2027592	8581225
2027785	8580914
2027837	8580692
2027882	8581173
2028207	8581492
2028212	8581620
2028108	8581440
2027872	8581538
2027963	8581678
2028177	8581048
2027838	8580492
2026552	8579110
2026552	8579110
2026552	8579110
2024938	8578653
2024938	8578653
2025082	8578727
2025115	8578732
2025108	8578883
2025062	8578890
2025072	8578933
2025110	8578933
2025110	8578933
2025208	8578923
2026085	8579378
2026080	8579650
2026080	8579650
2026190	8579727
2026190	8579727
2026190	8579727
2026190	8579727
2025573	8580007
2025573	8580007
2025512	8580127
2025032	8580582
2025038	8580533
2025043	8580438
2024747	8580605
2024715	8580337
2025063	8580352
2025352	8579790
2025282	8579805
2025267	8579832
2025273	8580145
2025043	8580137
2025177	8579990
2025593	8579622
2025593	8579622
2025590	8579840
2026540	8579125
2026540	8579123

